{
 "cells": [
  {
   "cell_type": "code",
   "execution_count": 92,
   "metadata": {},
   "outputs": [],
   "source": [
    "class ProbDist(dict):\n",
    "    \"\"\"A Probability Distribution; an {outcome: probability} mapping.\"\"\"\n",
    "    def __init__(self, mapping=(), **kwargs):\n",
    "        self.update(mapping, **kwargs)\n",
    "        # Make probabilities sum to 1.0; assert no negative probabilities\n",
    "        total = sum(self.values())\n",
    "        for outcome in self:   #index of dict\n",
    "            self[outcome] = self[outcome] / total\n",
    "            assert self[outcome] >= 0"
   ]
  },
  {
   "cell_type": "code",
   "execution_count": 93,
   "metadata": {},
   "outputs": [],
   "source": [
    "def p(event, space): \n",
    "    \"\"\"The probability of an event, given a sample space of equiprobable outcomes. \n",
    "    event: a collection of outcomes, or a predicate that is true of outcomes in the event. \n",
    "    space: a set of outcomes or a probability distribution of {outcome: frequency} pairs.\"\"\"\n",
    "    if is_predicate(event):\n",
    "        event = such_that(event, space)\n",
    "    if isinstance(space, ProbDist):\n",
    "        return sum(space[o] for o in space if o in event)\n",
    "    else:\n",
    "        return Fraction(len(event & space), len(space))\n",
    "\n",
    "is_predicate = callable\n",
    "\n",
    "def such_that(predicate, space): \n",
    "    \"\"\"The outcomes in the sample pace for which the predicate is true.\n",
    "    If space is a set, return a subset {outcome,...} with outcomes where predicate(element) is true;\n",
    "    if space is a ProbDist, return a ProbDist {outcome: frequency,...} with outcomes where predicate(element) is true.\"\"\"\n",
    "    if isinstance(space, ProbDist):\n",
    "        return ProbDist({o:space[o] for o in space if predicate(o)})\n",
    "    else:\n",
    "        return {o for o in space if predicate(o)}"
   ]
  },
  {
   "cell_type": "code",
   "execution_count": 94,
   "metadata": {},
   "outputs": [
    {
     "data": {
      "text/plain": [
       "{'LH': 0.1929906542056075,\n",
       " 'VB': 0.15233644859813084,\n",
       " 'MV': 0.12990654205607477,\n",
       " 'CL': 0.1233644859813084,\n",
       " 'SV': 0.11214953271028037,\n",
       " 'CS': 0.044859813084112146,\n",
       " 'PG': 0.04439252336448598,\n",
       " 'AA': 0.04299065420560748,\n",
       " 'DR': 0.025233644859813085,\n",
       " 'SP': 0.024299065420560748,\n",
       " 'LN': 0.022897196261682243,\n",
       " 'KR': 0.020093457943925235,\n",
       " 'DK': 0.017289719626168223,\n",
       " 'NH': 0.017289719626168223,\n",
       " 'LS': 0.009813084112149532,\n",
       " 'KM': 0.009345794392523364,\n",
       " 'AG': 0.0065420560747663555,\n",
       " 'RG': 0.003738317757009346,\n",
       " 'RK': 0.00046728971962616824,\n",
       " 'GR': 0.0}"
      ]
     },
     "execution_count": 94,
     "metadata": {},
     "output_type": "execute_result"
    }
   ],
   "source": [
    "SGP1 = ProbDist(\n",
    "    LH = 413,\n",
    "    VB = 326,\n",
    "    MV = 278,\n",
    "    CL= 264,\n",
    "    SV= 240,\n",
    "    CS= 96,\n",
    "    PG= 95,\n",
    "    AA= 92,\n",
    "    DR= 54,\n",
    "    SP= 52,\n",
    "    LN= 49,\n",
    "    KR= 43,\n",
    "    DK= 37,\n",
    "    NH=37,\n",
    "    LS= 21,\n",
    "    KM=20,\n",
    "    AG=14,\n",
    "    RG=8,\n",
    "    RK= 1,\n",
    "    GR= 0)\n",
    "SGP1"
   ]
  },
  {
   "cell_type": "code",
   "execution_count": 95,
   "metadata": {},
   "outputs": [],
   "source": [
    "def win_SGP_RGP(A, B, sep=''):\n",
    "    \"\"\"The joint distribution of two independent probability distributions. \n",
    "    Result is all entries of the form {a+sep+b: P(a)*P(b)}\"\"\"\n",
    "    return ProbDist({a + sep + b: A[a] * B[b]\n",
    "                    for a in A\n",
    "                    for b in B})\n"
   ]
  },
  {
   "cell_type": "code",
   "execution_count": 96,
   "metadata": {},
   "outputs": [],
   "source": [
    "driver_sgp={'LH' : 413,'VB' : 326, 'CL' : 278,'MV' : 264,'SV' : 240,'PG' : 96,'CS' : 95,'AA' : 92,\n",
    "            'DR' : 54,'DK' : 52,'NH' : 49, 'LN' : 43,'KR' : 37,'SP' : 37,'LS' : 21,'KM' : 20,'RG' : 14,\n",
    "            'AG': 8,'RK' : 1,'GR' : 0}\n",
    "driver_rgp = {'LH' : 413,'VB' : 326, 'CL' : 278,'MV' : 264,'SV' : 240,'PG' : 96,'CS' : 95,'AA' : 92,\n",
    "              'DR' : 54,'DK' : 52,'NH' : 49, 'LN' : 43,'KR' : 37,'SP' : 37,'LS' : 21,'KM' : 20,'RG' : 14,\n",
    "              'AG': 8,'RK' : 1,'GR' : 0}"
   ]
  },
  {
   "cell_type": "code",
   "execution_count": 97,
   "metadata": {},
   "outputs": [],
   "source": [
    "def one_win(outcome): return outcome[0]=='S'\n",
    "def one_win(outcome): return outcome[0]=='R'\n",
    "def two_wins(outcome): return outcome== 'SR'"
   ]
  },
  {
   "cell_type": "code",
   "execution_count": 98,
   "metadata": {},
   "outputs": [],
   "source": [
    "win_SGP_RGP = win_SGP_RGP(driver_sgp, driver_rgp, ' ')"
   ]
  },
  {
   "cell_type": "code",
   "execution_count": 99,
   "metadata": {},
   "outputs": [
    {
     "data": {
      "text/plain": [
       "{'LH LH': 0.03724539261070836,\n",
       " 'LH VB': 0.029399510874312168,\n",
       " 'LH CL': 0.02507074853699013,\n",
       " 'LH MV': 0.023808192855271203,\n",
       " 'LH SV': 0.021643811686610184,\n",
       " 'LH PG': 0.008657524674644073,\n",
       " 'LH CS': 0.008567342125949865,\n",
       " 'LH AA': 0.008296794479867238,\n",
       " 'LH DR': 0.004869857629487291,\n",
       " 'LH DK': 0.004689492532098874,\n",
       " 'LH NH': 0.004418944886016246,\n",
       " 'LH LN': 0.0038778495938509914,\n",
       " 'LH KR': 0.0033367543016857367,\n",
       " 'LH SP': 0.0033367543016857367,\n",
       " 'LH LS': 0.001893833522578391,\n",
       " 'LH KM': 0.001803650973884182,\n",
       " 'LH RG': 0.0012625556817189275,\n",
       " 'LH AG': 0.0007214603895536728,\n",
       " 'LH RK': 9.01825486942091e-05,\n",
       " 'LH GR': 0.0,\n",
       " 'VB LH': 0.029399510874312168,\n",
       " 'VB VB': 0.02320639357149096,\n",
       " 'VB CL': 0.019789501266486157,\n",
       " 'VB MV': 0.01879290767752642,\n",
       " 'VB SV': 0.01708446152502402,\n",
       " 'VB PG': 0.006833784610009608,\n",
       " 'VB CS': 0.006762599353655341,\n",
       " 'VB AA': 0.006549043584592541,\n",
       " 'VB DR': 0.0038440038431304044,\n",
       " 'VB DK': 0.003701633330421871,\n",
       " 'VB NH': 0.003488077561359071,\n",
       " 'VB LN': 0.0030609660232334703,\n",
       " 'VB KR': 0.00263385448510787,\n",
       " 'VB SP': 0.00263385448510787,\n",
       " 'VB LS': 0.0014948903834396017,\n",
       " 'VB KM': 0.001423705127085335,\n",
       " 'VB RG': 0.0009965935889597345,\n",
       " 'VB AG': 0.000569482050834134,\n",
       " 'VB RK': 7.118525635426674e-05,\n",
       " 'VB GR': 0.0,\n",
       " 'CL LH': 0.02507074853699013,\n",
       " 'CL VB': 0.019789501266486157,\n",
       " 'CL CL': 0.01687570966896672,\n",
       " 'CL MV': 0.016025853786356885,\n",
       " 'CL SV': 0.01456895798759717,\n",
       " 'CL PG': 0.005827583195038868,\n",
       " 'CL CS': 0.00576687920342388,\n",
       " 'CL AA': 0.005584767228578915,\n",
       " 'CL DR': 0.0032780155472093633,\n",
       " 'CL DK': 0.0031566075639793867,\n",
       " 'CL NH': 0.0029744955891344224,\n",
       " 'CL LN': 0.002610271639444493,\n",
       " 'CL KR': 0.0022460476897545635,\n",
       " 'CL SP': 0.0022460476897545635,\n",
       " 'CL LS': 0.0012747838239147524,\n",
       " 'CL KM': 0.0012140798322997641,\n",
       " 'CL RG': 0.0008498558826098349,\n",
       " 'CL AG': 0.00048563193291990565,\n",
       " 'CL RK': 6.0703991614988206e-05,\n",
       " 'CL GR': 0.0,\n",
       " 'MV LH': 0.023808192855271203,\n",
       " 'MV VB': 0.01879290767752642,\n",
       " 'MV CL': 0.016025853786356885,\n",
       " 'MV MV': 0.015218796401432439,\n",
       " 'MV SV': 0.013835269455847673,\n",
       " 'MV PG': 0.005534107782339069,\n",
       " 'MV CS': 0.005476460826273037,\n",
       " 'MV AA': 0.005303519958074941,\n",
       " 'MV DR': 0.003112935627565726,\n",
       " 'MV DK': 0.0029976417154336625,\n",
       " 'MV NH': 0.0028247008472355663,\n",
       " 'MV LN': 0.0024788191108393747,\n",
       " 'MV KR': 0.0021329373744431827,\n",
       " 'MV SP': 0.0021329373744431827,\n",
       " 'MV LS': 0.0012105860773866713,\n",
       " 'MV KM': 0.0011529391213206393,\n",
       " 'MV RG': 0.0008070573849244476,\n",
       " 'MV AG': 0.00046117564852825576,\n",
       " 'MV RK': 5.764695606603197e-05,\n",
       " 'MV GR': 0.0,\n",
       " 'SV LH': 0.021643811686610184,\n",
       " 'SV VB': 0.01708446152502402,\n",
       " 'SV CL': 0.01456895798759717,\n",
       " 'SV MV': 0.013835269455847673,\n",
       " 'SV SV': 0.012577517687134247,\n",
       " 'SV PG': 0.005031007074853699,\n",
       " 'SV CS': 0.004978600751157306,\n",
       " 'SV AA': 0.004821381780068129,\n",
       " 'SV DR': 0.0028299414796052057,\n",
       " 'SV DK': 0.0027251288322124203,\n",
       " 'SV NH': 0.0025679098611232423,\n",
       " 'SV LN': 0.002253471918944886,\n",
       " 'SV KR': 0.0019390339767665298,\n",
       " 'SV SP': 0.0019390339767665298,\n",
       " 'SV LS': 0.0011005327976242466,\n",
       " 'SV KM': 0.001048126473927854,\n",
       " 'SV RG': 0.0007336885317494978,\n",
       " 'SV AG': 0.0004192505895711416,\n",
       " 'SV RK': 5.24063236963927e-05,\n",
       " 'SV GR': 0.0,\n",
       " 'PG LH': 0.008657524674644073,\n",
       " 'PG VB': 0.006833784610009608,\n",
       " 'PG CL': 0.005827583195038868,\n",
       " 'PG MV': 0.005534107782339069,\n",
       " 'PG SV': 0.005031007074853699,\n",
       " 'PG PG': 0.0020124028299414796,\n",
       " 'PG CS': 0.0019914403004629225,\n",
       " 'PG AA': 0.0019285527120272512,\n",
       " 'PG DR': 0.0011319765918420823,\n",
       " 'PG DK': 0.0010900515328849682,\n",
       " 'PG NH': 0.001027163944449297,\n",
       " 'PG LN': 0.0009013887675779544,\n",
       " 'PG KR': 0.000775613590706612,\n",
       " 'PG SP': 0.000775613590706612,\n",
       " 'PG LS': 0.00044021311904969866,\n",
       " 'PG KM': 0.0004192505895711416,\n",
       " 'PG RG': 0.0002934754126997991,\n",
       " 'PG AG': 0.00016770023582845663,\n",
       " 'PG RK': 2.096252947855708e-05,\n",
       " 'PG GR': 0.0,\n",
       " 'CS LH': 0.008567342125949865,\n",
       " 'CS VB': 0.006762599353655341,\n",
       " 'CS CL': 0.00576687920342388,\n",
       " 'CS MV': 0.005476460826273037,\n",
       " 'CS SV': 0.004978600751157306,\n",
       " 'CS PG': 0.0019914403004629225,\n",
       " 'CS CS': 0.001970696130666434,\n",
       " 'CS AA': 0.0019084636212769674,\n",
       " 'CS DR': 0.001120185169010394,\n",
       " 'CS DK': 0.0010786968294174163,\n",
       " 'CS NH': 0.00101646432002795,\n",
       " 'CS LN': 0.0008919993012490174,\n",
       " 'CS KR': 0.0007675342824700847,\n",
       " 'CS SP': 0.0007675342824700847,\n",
       " 'CS LS': 0.0004356275657262643,\n",
       " 'CS KM': 0.0004148833959297755,\n",
       " 'CS RG': 0.00029041837715084286,\n",
       " 'CS AG': 0.0001659533583719102,\n",
       " 'CS RK': 2.0744169796488776e-05,\n",
       " 'CS GR': 0.0,\n",
       " 'AA LH': 0.008296794479867238,\n",
       " 'AA VB': 0.006549043584592541,\n",
       " 'AA CL': 0.005584767228578915,\n",
       " 'AA MV': 0.005303519958074941,\n",
       " 'AA SV': 0.004821381780068129,\n",
       " 'AA PG': 0.0019285527120272512,\n",
       " 'AA CS': 0.0019084636212769674,\n",
       " 'AA AA': 0.0018481963490261158,\n",
       " 'AA DR': 0.0010848109005153288,\n",
       " 'AA DK': 0.0010446327190147611,\n",
       " 'AA NH': 0.0009843654467639096,\n",
       " 'AA LN': 0.0008638309022622064,\n",
       " 'AA KR': 0.0007432963577605031,\n",
       " 'AA SP': 0.0007432963577605031,\n",
       " 'AA LS': 0.0004218709057559612,\n",
       " 'AA KM': 0.00040178181500567735,\n",
       " 'AA RG': 0.00028124727050397413,\n",
       " 'AA AG': 0.00016071272600227094,\n",
       " 'AA RK': 2.0089090750283868e-05,\n",
       " 'AA GR': 0.0,\n",
       " 'DR LH': 0.004869857629487291,\n",
       " 'DR VB': 0.0038440038431304044,\n",
       " 'DR CL': 0.0032780155472093633,\n",
       " 'DR MV': 0.003112935627565726,\n",
       " 'DR SV': 0.0028299414796052057,\n",
       " 'DR PG': 0.0011319765918420823,\n",
       " 'DR CS': 0.001120185169010394,\n",
       " 'DR AA': 0.0010848109005153288,\n",
       " 'DR DR': 0.0006367368329111713,\n",
       " 'DR DK': 0.0006131539872477945,\n",
       " 'DR NH': 0.0005777797187527295,\n",
       " 'DR LN': 0.0005070311817625993,\n",
       " 'DR KR': 0.0004362826447724692,\n",
       " 'DR SP': 0.0004362826447724692,\n",
       " 'DR LS': 0.0002476198794654555,\n",
       " 'DR KM': 0.00023582845663376714,\n",
       " 'DR RG': 0.000165079919643637,\n",
       " 'DR AG': 9.433138265350685e-05,\n",
       " 'DR RK': 1.1791422831688356e-05,\n",
       " 'DR GR': 0.0,\n",
       " 'DK LH': 0.004689492532098874,\n",
       " 'DK VB': 0.003701633330421871,\n",
       " 'DK CL': 0.0031566075639793867,\n",
       " 'DK MV': 0.0029976417154336625,\n",
       " 'DK SV': 0.0027251288322124203,\n",
       " 'DK PG': 0.0010900515328849682,\n",
       " 'DK CS': 0.0010786968294174163,\n",
       " 'DK AA': 0.0010446327190147611,\n",
       " 'DK DR': 0.0006131539872477945,\n",
       " 'DK DK': 0.0005904445803126911,\n",
       " 'DK NH': 0.0005563804699100358,\n",
       " 'DK LN': 0.0004882522491047253,\n",
       " 'DK KR': 0.0004201240282994148,\n",
       " 'DK SP': 0.0004201240282994148,\n",
       " 'DK LS': 0.00023844877281858679,\n",
       " 'DK KM': 0.00022709406935103504,\n",
       " 'DK RG': 0.00015896584854572452,\n",
       " 'DK AG': 9.083762774041401e-05,\n",
       " 'DK RK': 1.1354703467551751e-05,\n",
       " 'DK GR': 0.0,\n",
       " 'NH LH': 0.004418944886016246,\n",
       " 'NH VB': 0.003488077561359071,\n",
       " 'NH CL': 0.0029744955891344224,\n",
       " 'NH MV': 0.0028247008472355663,\n",
       " 'NH SV': 0.0025679098611232423,\n",
       " 'NH PG': 0.001027163944449297,\n",
       " 'NH CS': 0.00101646432002795,\n",
       " 'NH AA': 0.0009843654467639096,\n",
       " 'NH DR': 0.0005777797187527295,\n",
       " 'NH DK': 0.0005563804699100358,\n",
       " 'NH NH': 0.0005242815966459953,\n",
       " 'NH LN': 0.00046008385011791423,\n",
       " 'NH KR': 0.0003958861035898332,\n",
       " 'NH SP': 0.0003958861035898332,\n",
       " 'NH LS': 0.0002246921128482837,\n",
       " 'NH KM': 0.00021399248842693684,\n",
       " 'NH RG': 0.0001497947418988558,\n",
       " 'NH AG': 8.559699537077473e-05,\n",
       " 'NH RK': 1.0699624421346842e-05,\n",
       " 'NH GR': 0.0,\n",
       " 'LN LH': 0.0038778495938509914,\n",
       " 'LN VB': 0.0030609660232334703,\n",
       " 'LN CL': 0.002610271639444493,\n",
       " 'LN MV': 0.0024788191108393747,\n",
       " 'LN SV': 0.002253471918944886,\n",
       " 'LN PG': 0.0009013887675779544,\n",
       " 'LN CS': 0.0008919993012490174,\n",
       " 'LN AA': 0.0008638309022622064,\n",
       " 'LN DR': 0.0005070311817625993,\n",
       " 'LN DK': 0.0004882522491047253,\n",
       " 'LN NH': 0.00046008385011791423,\n",
       " 'LN LN': 0.00040374705214429207,\n",
       " 'LN KR': 0.00034741025417066995,\n",
       " 'LN SP': 0.00034741025417066995,\n",
       " 'LN LS': 0.00019717879290767753,\n",
       " 'LN KM': 0.0001877893265787405,\n",
       " 'LN RG': 0.00013145252860511836,\n",
       " 'LN AG': 7.51157306314962e-05,\n",
       " 'LN RK': 9.389466328937025e-06,\n",
       " 'LN GR': 0.0,\n",
       " 'KR LH': 0.0033367543016857367,\n",
       " 'KR VB': 0.00263385448510787,\n",
       " 'KR CL': 0.0022460476897545635,\n",
       " 'KR MV': 0.0021329373744431827,\n",
       " 'KR SV': 0.0019390339767665298,\n",
       " 'KR PG': 0.000775613590706612,\n",
       " 'KR CS': 0.0007675342824700847,\n",
       " 'KR AA': 0.0007432963577605031,\n",
       " 'KR DR': 0.0004362826447724692,\n",
       " 'KR DK': 0.0004201240282994148,\n",
       " 'KR NH': 0.0003958861035898332,\n",
       " 'KR LN': 0.00034741025417066995,\n",
       " 'KR KR': 0.00029893440475150666,\n",
       " 'KR SP': 0.00029893440475150666,\n",
       " 'KR LS': 0.00016966547296707135,\n",
       " 'KR KM': 0.00016158616473054414,\n",
       " 'KR RG': 0.00011311031531138091,\n",
       " 'KR AG': 6.463446589221766e-05,\n",
       " 'KR RK': 8.079308236527207e-06,\n",
       " 'KR GR': 0.0,\n",
       " 'SP LH': 0.0033367543016857367,\n",
       " 'SP VB': 0.00263385448510787,\n",
       " 'SP CL': 0.0022460476897545635,\n",
       " 'SP MV': 0.0021329373744431827,\n",
       " 'SP SV': 0.0019390339767665298,\n",
       " 'SP PG': 0.000775613590706612,\n",
       " 'SP CS': 0.0007675342824700847,\n",
       " 'SP AA': 0.0007432963577605031,\n",
       " 'SP DR': 0.0004362826447724692,\n",
       " 'SP DK': 0.0004201240282994148,\n",
       " 'SP NH': 0.0003958861035898332,\n",
       " 'SP LN': 0.00034741025417066995,\n",
       " 'SP KR': 0.00029893440475150666,\n",
       " 'SP SP': 0.00029893440475150666,\n",
       " 'SP LS': 0.00016966547296707135,\n",
       " 'SP KM': 0.00016158616473054414,\n",
       " 'SP RG': 0.00011311031531138091,\n",
       " 'SP AG': 6.463446589221766e-05,\n",
       " 'SP RK': 8.079308236527207e-06,\n",
       " 'SP GR': 0.0,\n",
       " 'LS LH': 0.001893833522578391,\n",
       " 'LS VB': 0.0014948903834396017,\n",
       " 'LS CL': 0.0012747838239147524,\n",
       " 'LS MV': 0.0012105860773866713,\n",
       " 'LS SV': 0.0011005327976242466,\n",
       " 'LS PG': 0.00044021311904969866,\n",
       " 'LS CS': 0.0004356275657262643,\n",
       " 'LS AA': 0.0004218709057559612,\n",
       " 'LS DR': 0.0002476198794654555,\n",
       " 'LS DK': 0.00023844877281858679,\n",
       " 'LS NH': 0.0002246921128482837,\n",
       " 'LS LN': 0.00019717879290767753,\n",
       " 'LS KR': 0.00016966547296707135,\n",
       " 'LS SP': 0.00016966547296707135,\n",
       " 'LS LS': 9.629661979212158e-05,\n",
       " 'LS KM': 9.171106646868722e-05,\n",
       " 'LS RG': 6.419774652808106e-05,\n",
       " 'LS AG': 3.668442658747489e-05,\n",
       " 'LS RK': 4.585553323434361e-06,\n",
       " 'LS GR': 0.0,\n",
       " 'KM LH': 0.001803650973884182,\n",
       " 'KM VB': 0.001423705127085335,\n",
       " 'KM CL': 0.0012140798322997641,\n",
       " 'KM MV': 0.0011529391213206393,\n",
       " 'KM SV': 0.001048126473927854,\n",
       " 'KM PG': 0.0004192505895711416,\n",
       " 'KM CS': 0.0004148833959297755,\n",
       " 'KM AA': 0.00040178181500567735,\n",
       " 'KM DR': 0.00023582845663376714,\n",
       " 'KM DK': 0.00022709406935103504,\n",
       " 'KM NH': 0.00021399248842693684,\n",
       " 'KM LN': 0.0001877893265787405,\n",
       " 'KM KR': 0.00016158616473054414,\n",
       " 'KM SP': 0.00016158616473054414,\n",
       " 'KM LS': 9.171106646868722e-05,\n",
       " 'KM KM': 8.734387282732117e-05,\n",
       " 'KM RG': 6.114071097912482e-05,\n",
       " 'KM AG': 3.493754913092847e-05,\n",
       " 'KM RK': 4.367193641366058e-06,\n",
       " 'KM GR': 0.0,\n",
       " 'RG LH': 0.0012625556817189275,\n",
       " 'RG VB': 0.0009965935889597345,\n",
       " 'RG CL': 0.0008498558826098349,\n",
       " 'RG MV': 0.0008070573849244476,\n",
       " 'RG SV': 0.0007336885317494978,\n",
       " 'RG PG': 0.0002934754126997991,\n",
       " 'RG CS': 0.00029041837715084286,\n",
       " 'RG AA': 0.00028124727050397413,\n",
       " 'RG DR': 0.000165079919643637,\n",
       " 'RG DK': 0.00015896584854572452,\n",
       " 'RG NH': 0.0001497947418988558,\n",
       " 'RG LN': 0.00013145252860511836,\n",
       " 'RG KR': 0.00011311031531138091,\n",
       " 'RG SP': 0.00011311031531138091,\n",
       " 'RG LS': 6.419774652808106e-05,\n",
       " 'RG KM': 6.114071097912482e-05,\n",
       " 'RG RG': 4.279849768538737e-05,\n",
       " 'RG AG': 2.4456284391649926e-05,\n",
       " 'RG RK': 3.057035548956241e-06,\n",
       " 'RG GR': 0.0,\n",
       " 'AG LH': 0.0007214603895536728,\n",
       " 'AG VB': 0.000569482050834134,\n",
       " 'AG CL': 0.00048563193291990565,\n",
       " 'AG MV': 0.00046117564852825576,\n",
       " 'AG SV': 0.0004192505895711416,\n",
       " 'AG PG': 0.00016770023582845663,\n",
       " 'AG CS': 0.0001659533583719102,\n",
       " 'AG AA': 0.00016071272600227094,\n",
       " 'AG DR': 9.433138265350685e-05,\n",
       " 'AG DK': 9.083762774041401e-05,\n",
       " 'AG NH': 8.559699537077473e-05,\n",
       " 'AG LN': 7.51157306314962e-05,\n",
       " 'AG KR': 6.463446589221766e-05,\n",
       " 'AG SP': 6.463446589221766e-05,\n",
       " 'AG LS': 3.668442658747489e-05,\n",
       " 'AG KM': 3.493754913092847e-05,\n",
       " 'AG RG': 2.4456284391649926e-05,\n",
       " 'AG AG': 1.3975019652371386e-05,\n",
       " 'AG RK': 1.7468774565464232e-06,\n",
       " 'AG GR': 0.0,\n",
       " 'RK LH': 9.01825486942091e-05,\n",
       " 'RK VB': 7.118525635426674e-05,\n",
       " 'RK CL': 6.0703991614988206e-05,\n",
       " 'RK MV': 5.764695606603197e-05,\n",
       " 'RK SV': 5.24063236963927e-05,\n",
       " 'RK PG': 2.096252947855708e-05,\n",
       " 'RK CS': 2.0744169796488776e-05,\n",
       " 'RK AA': 2.0089090750283868e-05,\n",
       " 'RK DR': 1.1791422831688356e-05,\n",
       " 'RK DK': 1.1354703467551751e-05,\n",
       " 'RK NH': 1.0699624421346842e-05,\n",
       " 'RK LN': 9.389466328937025e-06,\n",
       " 'RK KR': 8.079308236527207e-06,\n",
       " 'RK SP': 8.079308236527207e-06,\n",
       " 'RK LS': 4.585553323434361e-06,\n",
       " 'RK KM': 4.367193641366058e-06,\n",
       " 'RK RG': 3.057035548956241e-06,\n",
       " 'RK AG': 1.7468774565464232e-06,\n",
       " 'RK RK': 2.183596820683029e-07,\n",
       " 'RK GR': 0.0,\n",
       " 'GR LH': 0.0,\n",
       " 'GR VB': 0.0,\n",
       " 'GR CL': 0.0,\n",
       " 'GR MV': 0.0,\n",
       " 'GR SV': 0.0,\n",
       " 'GR PG': 0.0,\n",
       " 'GR CS': 0.0,\n",
       " 'GR AA': 0.0,\n",
       " 'GR DR': 0.0,\n",
       " 'GR DK': 0.0,\n",
       " 'GR NH': 0.0,\n",
       " 'GR LN': 0.0,\n",
       " 'GR KR': 0.0,\n",
       " 'GR SP': 0.0,\n",
       " 'GR LS': 0.0,\n",
       " 'GR KM': 0.0,\n",
       " 'GR RG': 0.0,\n",
       " 'GR AG': 0.0,\n",
       " 'GR RK': 0.0,\n",
       " 'GR GR': 0.0}"
      ]
     },
     "execution_count": 99,
     "metadata": {},
     "output_type": "execute_result"
    }
   ],
   "source": [
    "win_SGP_RGP"
   ]
  },
  {
   "cell_type": "code",
   "execution_count": 100,
   "metadata": {},
   "outputs": [],
   "source": [
    "cars_sgp = {'M' : 739 ,'F' : 504, 'R' : 417, 'L':145,'N':91,'S':85,'P' : 73, 'A':57,'H':28,'W':1 }\n",
    "cars_rgp = {'M' : 739 ,'F' : 504, 'R' : 417, 'L':145,'N':91,'S':85,'P' : 73, 'A':57,'H':28,'W':1 }"
   ]
  },
  {
   "cell_type": "code",
   "execution_count": 101,
   "metadata": {},
   "outputs": [],
   "source": [
    "def cars_together(A, B, sep=''):\n",
    "    \"\"\"The joint distribution of two independent probability distributions. \n",
    "    Result is all entries of the form {a+sep+b: P(a)*P(b)}\"\"\"\n",
    "    return ProbDist({a + sep + b: A[a] * B[b]\n",
    "                    for a in A\n",
    "                    for b in B})\n"
   ]
  },
  {
   "cell_type": "code",
   "execution_count": 102,
   "metadata": {},
   "outputs": [
    {
     "data": {
      "text/plain": [
       "0.11925080793082365"
      ]
     },
     "execution_count": 102,
     "metadata": {},
     "output_type": "execute_result"
    }
   ],
   "source": [
    "cars_together= cars_together(cars_sgp,cars_rgp, ' ')\n",
    "def twomerc(outcome):   return outcome    == 'M M'\n",
    "\n",
    "p(twomerc, cars_together)"
   ]
  },
  {
   "cell_type": "code",
   "execution_count": 103,
   "metadata": {},
   "outputs": [
    {
     "data": {
      "text/plain": [
       "{'M M': 0.11925080793082365,\n",
       " 'M F': 0.08132937374443183,\n",
       " 'M R': 0.06729037470521443,\n",
       " 'M L': 0.023398331732028998,\n",
       " 'M N': 0.014684470259411303,\n",
       " 'M S': 0.013716263429120447,\n",
       " 'M P': 0.011779849768538736,\n",
       " 'M A': 0.009197964887763123,\n",
       " 'M H': 0.004518298541357324,\n",
       " 'M W': 0.00016136780504847584,\n",
       " 'F M': 0.08132937374443183,\n",
       " 'F F': 0.05546685300026203,\n",
       " 'F R': 0.04589221766093109,\n",
       " 'F L': 0.015957725565551577,\n",
       " 'F N': 0.010014848458380644,\n",
       " 'F S': 0.009354528779806097,\n",
       " 'F P': 0.008033889422657,\n",
       " 'F A': 0.006273036946458206,\n",
       " 'F H': 0.0030814918333478907,\n",
       " 'F W': 0.00011005327976242466,\n",
       " 'R M': 0.06729037470521443,\n",
       " 'R F': 0.04589221766093109,\n",
       " 'R R': 0.037970346755175126,\n",
       " 'R L': 0.013203118176259935,\n",
       " 'R N': 0.00828609485544589,\n",
       " 'R S': 0.007739758930910997,\n",
       " 'R P': 0.006647087081841209,\n",
       " 'R A': 0.005190191283081492,\n",
       " 'R H': 0.002549567647829505,\n",
       " 'R W': 9.105598742248231e-05,\n",
       " 'L M': 0.023398331732028998,\n",
       " 'L F': 0.015957725565551577,\n",
       " 'L R': 0.013203118176259935,\n",
       " 'L L': 0.004591012315486069,\n",
       " 'L N': 0.0028812560048912567,\n",
       " 'L S': 0.0026912830814918333,\n",
       " 'L P': 0.002311337234692986,\n",
       " 'L A': 0.0018047427722945235,\n",
       " 'L H': 0.0008865403091973098,\n",
       " 'L W': 3.166215389990392e-05,\n",
       " 'N M': 0.014684470259411303,\n",
       " 'N F': 0.010014848458380644,\n",
       " 'N R': 0.00828609485544589,\n",
       " 'N L': 0.0028812560048912567,\n",
       " 'N N': 0.0018082365272076163,\n",
       " 'N S': 0.001689012140798323,\n",
       " 'N P': 0.0014505633679797363,\n",
       " 'N A': 0.0011326316708882872,\n",
       " 'N H': 0.0005563804699100358,\n",
       " 'N W': 1.9870731068215565e-05,\n",
       " 'S M': 0.013716263429120447,\n",
       " 'S F': 0.009354528779806097,\n",
       " 'S R': 0.007739758930910997,\n",
       " 'S L': 0.0026912830814918333,\n",
       " 'S N': 0.001689012140798323,\n",
       " 'S S': 0.0015776487029434884,\n",
       " 'S P': 0.0013549218272338195,\n",
       " 'S A': 0.0010579526596209276,\n",
       " 'S H': 0.000519696043322561,\n",
       " 'S W': 1.8560572975805747e-05,\n",
       " 'P M': 0.011779849768538736,\n",
       " 'P F': 0.008033889422657,\n",
       " 'P R': 0.006647087081841209,\n",
       " 'P L': 0.002311337234692986,\n",
       " 'P N': 0.0014505633679797363,\n",
       " 'P S': 0.0013549218272338195,\n",
       " 'P P': 0.0011636387457419862,\n",
       " 'P A': 0.0009085946370862084,\n",
       " 'P H': 0.00044632719014761114,\n",
       " 'P W': 1.5940256790986112e-05,\n",
       " 'A M': 0.009197964887763123,\n",
       " 'A F': 0.006273036946458206,\n",
       " 'A R': 0.005190191283081492,\n",
       " 'A L': 0.0018047427722945235,\n",
       " 'A N': 0.0011326316708882872,\n",
       " 'A S': 0.0010579526596209276,\n",
       " 'A P': 0.0009085946370862084,\n",
       " 'A A': 0.0007094506070399162,\n",
       " 'A H': 0.0003485020525810114,\n",
       " 'A W': 1.2446501877893266e-05,\n",
       " 'H M': 0.004518298541357324,\n",
       " 'H F': 0.0030814918333478907,\n",
       " 'H R': 0.002549567647829505,\n",
       " 'H L': 0.0008865403091973098,\n",
       " 'H N': 0.0005563804699100358,\n",
       " 'H S': 0.000519696043322561,\n",
       " 'H P': 0.00044632719014761114,\n",
       " 'H A': 0.0003485020525810114,\n",
       " 'H H': 0.00017119399074154947,\n",
       " 'H W': 6.114071097912482e-06,\n",
       " 'W M': 0.00016136780504847584,\n",
       " 'W F': 0.00011005327976242466,\n",
       " 'W R': 9.105598742248231e-05,\n",
       " 'W L': 3.166215389990392e-05,\n",
       " 'W N': 1.9870731068215565e-05,\n",
       " 'W S': 1.8560572975805747e-05,\n",
       " 'W P': 1.5940256790986112e-05,\n",
       " 'W A': 1.2446501877893266e-05,\n",
       " 'W H': 6.114071097912482e-06,\n",
       " 'W W': 2.183596820683029e-07}"
      ]
     },
     "execution_count": 103,
     "metadata": {},
     "output_type": "execute_result"
    }
   ],
   "source": [
    "cars_together"
   ]
  },
  {
   "cell_type": "code",
   "execution_count": 104,
   "metadata": {},
   "outputs": [
    {
     "data": {
      "text/plain": [
       "0.5714033976766532"
      ]
     },
     "execution_count": 104,
     "metadata": {},
     "output_type": "execute_result"
    }
   ],
   "source": [
    "def one_m(outcome): return outcome[0] == 'M' or outcome[2] == 'M'\n",
    "\n",
    "p(one_m, cars_together)"
   ]
  },
  {
   "cell_type": "code",
   "execution_count": 105,
   "metadata": {},
   "outputs": [],
   "source": [
    "#for mercedes\n",
    "\n",
    "def one_m(outcome): return outcome[0] == 'M'\n",
    "def two_m(outcome): return outcome[2] == 'M'"
   ]
  },
  {
   "cell_type": "code",
   "execution_count": 106,
   "metadata": {},
   "outputs": [
    {
     "data": {
      "text/plain": [
       "0.3453271028037383"
      ]
     },
     "execution_count": 106,
     "metadata": {},
     "output_type": "execute_result"
    }
   ],
   "source": [
    "p(two_m, such_that(one_m, cars_together))"
   ]
  },
  {
   "cell_type": "code",
   "execution_count": 107,
   "metadata": {},
   "outputs": [
    {
     "data": {
      "text/plain": [
       "0.23551401869158878"
      ]
     },
     "execution_count": 107,
     "metadata": {},
     "output_type": "execute_result"
    }
   ],
   "source": [
    "#for ferrari\n",
    "\n",
    "def one_f(outcome): return outcome[0] == 'F'\n",
    "def two_f(outcome): return outcome[2] == 'F'\n",
    "p(two_f, such_that(one_f, cars_together))"
   ]
  },
  {
   "cell_type": "code",
   "execution_count": 108,
   "metadata": {},
   "outputs": [
    {
     "data": {
      "text/plain": [
       "0.19485981308411215"
      ]
     },
     "execution_count": 108,
     "metadata": {},
     "output_type": "execute_result"
    }
   ],
   "source": [
    "#for red bull\n",
    "\n",
    "def one_rb(outcome): return outcome[0] == 'R'\n",
    "def two_rb(outcome): return outcome[2] == 'R'\n",
    "p(two_rb, such_that(one_rb, cars_together))"
   ]
  },
  {
   "cell_type": "code",
   "execution_count": 109,
   "metadata": {},
   "outputs": [
    {
     "data": {
      "text/plain": [
       "0.026635514018691585"
      ]
     },
     "execution_count": 109,
     "metadata": {},
     "output_type": "execute_result"
    }
   ],
   "source": [
    "#for alpha romeo\n",
    "\n",
    "def one_ar(outcome): return outcome[0] == 'A'\n",
    "def two_ar(outcome): return outcome[2] == 'A'\n",
    "p(two_ar, such_that(one_ar, cars_together))"
   ]
  },
  {
   "cell_type": "code",
   "execution_count": 110,
   "metadata": {},
   "outputs": [
    {
     "data": {
      "text/plain": [
       "0.3453271028037383"
      ]
     },
     "execution_count": 110,
     "metadata": {},
     "output_type": "execute_result"
    }
   ],
   "source": [
    "#for McLauren\n",
    "\n",
    "def one_ml(outcome): return outcome[0] == 'M'\n",
    "def two_ml(outcome): return outcome[2] == 'M'\n",
    "p(two_ml, such_that(one_ml, cars_together))"
   ]
  },
  {
   "cell_type": "code",
   "execution_count": 78,
   "metadata": {},
   "outputs": [
    {
     "data": {
      "text/plain": [
       "{'M:r:M:r': 0.00477003231723296,\n",
       " 'M:r:M:s': 0.00477003231723296,\n",
       " 'M:r:M:c': 0.00477003231723296,\n",
       " 'M:r:M:sn': 0.00477003231723296,\n",
       " 'M:r:M:f': 0.00477003231723296,\n",
       " 'M:r:F:r': 0.003253174949777282,\n",
       " 'M:r:F:s': 0.003253174949777282,\n",
       " 'M:r:F:c': 0.003253174949777282,\n",
       " 'M:r:F:sn': 0.003253174949777282,\n",
       " 'M:r:F:f': 0.003253174949777282,\n",
       " 'M:r:R:r': 0.0026916149882085846,\n",
       " 'M:r:R:s': 0.0026916149882085846,\n",
       " 'M:r:R:c': 0.0026916149882085846,\n",
       " 'M:r:R:sn': 0.0026916149882085846,\n",
       " 'M:r:R:f': 0.0026916149882085846,\n",
       " 'M:r:L:r': 0.0009359332692811625,\n",
       " 'M:r:L:s': 0.0009359332692811625,\n",
       " 'M:r:L:c': 0.0009359332692811625,\n",
       " 'M:r:L:sn': 0.0009359332692811625,\n",
       " 'M:r:L:f': 0.0009359332692811625,\n",
       " 'M:r:N:r': 0.0005873788103764537,\n",
       " 'M:r:N:s': 0.0005873788103764537,\n",
       " 'M:r:N:c': 0.0005873788103764537,\n",
       " 'M:r:N:sn': 0.0005873788103764537,\n",
       " 'M:r:N:f': 0.0005873788103764537,\n",
       " 'M:r:S:r': 0.0005486505371648194,\n",
       " 'M:r:S:s': 0.0005486505371648194,\n",
       " 'M:r:S:c': 0.0005486505371648194,\n",
       " 'M:r:S:sn': 0.0005486505371648194,\n",
       " 'M:r:S:f': 0.0005486505371648194,\n",
       " 'M:r:P:r': 0.0004711939907415508,\n",
       " 'M:r:P:s': 0.0004711939907415508,\n",
       " 'M:r:P:c': 0.0004711939907415508,\n",
       " 'M:r:P:sn': 0.0004711939907415508,\n",
       " 'M:r:P:f': 0.0004711939907415508,\n",
       " 'M:r:A:r': 0.00036791859551052594,\n",
       " 'M:r:A:s': 0.00036791859551052594,\n",
       " 'M:r:A:c': 0.00036791859551052594,\n",
       " 'M:r:A:sn': 0.00036791859551052594,\n",
       " 'M:r:A:f': 0.00036791859551052594,\n",
       " 'M:r:H:r': 0.00018073194165429347,\n",
       " 'M:r:H:s': 0.00018073194165429347,\n",
       " 'M:r:H:c': 0.00018073194165429347,\n",
       " 'M:r:H:sn': 0.00018073194165429347,\n",
       " 'M:r:H:f': 0.00018073194165429347,\n",
       " 'M:r:W:r': 6.454712201939053e-06,\n",
       " 'M:r:W:s': 6.454712201939053e-06,\n",
       " 'M:r:W:c': 6.454712201939053e-06,\n",
       " 'M:r:W:sn': 6.454712201939053e-06,\n",
       " 'M:r:W:f': 6.454712201939053e-06,\n",
       " 'M:s:M:r': 0.00477003231723296,\n",
       " 'M:s:M:s': 0.00477003231723296,\n",
       " 'M:s:M:c': 0.00477003231723296,\n",
       " 'M:s:M:sn': 0.00477003231723296,\n",
       " 'M:s:M:f': 0.00477003231723296,\n",
       " 'M:s:F:r': 0.003253174949777282,\n",
       " 'M:s:F:s': 0.003253174949777282,\n",
       " 'M:s:F:c': 0.003253174949777282,\n",
       " 'M:s:F:sn': 0.003253174949777282,\n",
       " 'M:s:F:f': 0.003253174949777282,\n",
       " 'M:s:R:r': 0.0026916149882085846,\n",
       " 'M:s:R:s': 0.0026916149882085846,\n",
       " 'M:s:R:c': 0.0026916149882085846,\n",
       " 'M:s:R:sn': 0.0026916149882085846,\n",
       " 'M:s:R:f': 0.0026916149882085846,\n",
       " 'M:s:L:r': 0.0009359332692811625,\n",
       " 'M:s:L:s': 0.0009359332692811625,\n",
       " 'M:s:L:c': 0.0009359332692811625,\n",
       " 'M:s:L:sn': 0.0009359332692811625,\n",
       " 'M:s:L:f': 0.0009359332692811625,\n",
       " 'M:s:N:r': 0.0005873788103764537,\n",
       " 'M:s:N:s': 0.0005873788103764537,\n",
       " 'M:s:N:c': 0.0005873788103764537,\n",
       " 'M:s:N:sn': 0.0005873788103764537,\n",
       " 'M:s:N:f': 0.0005873788103764537,\n",
       " 'M:s:S:r': 0.0005486505371648194,\n",
       " 'M:s:S:s': 0.0005486505371648194,\n",
       " 'M:s:S:c': 0.0005486505371648194,\n",
       " 'M:s:S:sn': 0.0005486505371648194,\n",
       " 'M:s:S:f': 0.0005486505371648194,\n",
       " 'M:s:P:r': 0.0004711939907415508,\n",
       " 'M:s:P:s': 0.0004711939907415508,\n",
       " 'M:s:P:c': 0.0004711939907415508,\n",
       " 'M:s:P:sn': 0.0004711939907415508,\n",
       " 'M:s:P:f': 0.0004711939907415508,\n",
       " 'M:s:A:r': 0.00036791859551052594,\n",
       " 'M:s:A:s': 0.00036791859551052594,\n",
       " 'M:s:A:c': 0.00036791859551052594,\n",
       " 'M:s:A:sn': 0.00036791859551052594,\n",
       " 'M:s:A:f': 0.00036791859551052594,\n",
       " 'M:s:H:r': 0.00018073194165429347,\n",
       " 'M:s:H:s': 0.00018073194165429347,\n",
       " 'M:s:H:c': 0.00018073194165429347,\n",
       " 'M:s:H:sn': 0.00018073194165429347,\n",
       " 'M:s:H:f': 0.00018073194165429347,\n",
       " 'M:s:W:r': 6.454712201939053e-06,\n",
       " 'M:s:W:s': 6.454712201939053e-06,\n",
       " 'M:s:W:c': 6.454712201939053e-06,\n",
       " 'M:s:W:sn': 6.454712201939053e-06,\n",
       " 'M:s:W:f': 6.454712201939053e-06,\n",
       " 'M:c:M:r': 0.00477003231723296,\n",
       " 'M:c:M:s': 0.00477003231723296,\n",
       " 'M:c:M:c': 0.00477003231723296,\n",
       " 'M:c:M:sn': 0.00477003231723296,\n",
       " 'M:c:M:f': 0.00477003231723296,\n",
       " 'M:c:F:r': 0.003253174949777282,\n",
       " 'M:c:F:s': 0.003253174949777282,\n",
       " 'M:c:F:c': 0.003253174949777282,\n",
       " 'M:c:F:sn': 0.003253174949777282,\n",
       " 'M:c:F:f': 0.003253174949777282,\n",
       " 'M:c:R:r': 0.0026916149882085846,\n",
       " 'M:c:R:s': 0.0026916149882085846,\n",
       " 'M:c:R:c': 0.0026916149882085846,\n",
       " 'M:c:R:sn': 0.0026916149882085846,\n",
       " 'M:c:R:f': 0.0026916149882085846,\n",
       " 'M:c:L:r': 0.0009359332692811625,\n",
       " 'M:c:L:s': 0.0009359332692811625,\n",
       " 'M:c:L:c': 0.0009359332692811625,\n",
       " 'M:c:L:sn': 0.0009359332692811625,\n",
       " 'M:c:L:f': 0.0009359332692811625,\n",
       " 'M:c:N:r': 0.0005873788103764537,\n",
       " 'M:c:N:s': 0.0005873788103764537,\n",
       " 'M:c:N:c': 0.0005873788103764537,\n",
       " 'M:c:N:sn': 0.0005873788103764537,\n",
       " 'M:c:N:f': 0.0005873788103764537,\n",
       " 'M:c:S:r': 0.0005486505371648194,\n",
       " 'M:c:S:s': 0.0005486505371648194,\n",
       " 'M:c:S:c': 0.0005486505371648194,\n",
       " 'M:c:S:sn': 0.0005486505371648194,\n",
       " 'M:c:S:f': 0.0005486505371648194,\n",
       " 'M:c:P:r': 0.0004711939907415508,\n",
       " 'M:c:P:s': 0.0004711939907415508,\n",
       " 'M:c:P:c': 0.0004711939907415508,\n",
       " 'M:c:P:sn': 0.0004711939907415508,\n",
       " 'M:c:P:f': 0.0004711939907415508,\n",
       " 'M:c:A:r': 0.00036791859551052594,\n",
       " 'M:c:A:s': 0.00036791859551052594,\n",
       " 'M:c:A:c': 0.00036791859551052594,\n",
       " 'M:c:A:sn': 0.00036791859551052594,\n",
       " 'M:c:A:f': 0.00036791859551052594,\n",
       " 'M:c:H:r': 0.00018073194165429347,\n",
       " 'M:c:H:s': 0.00018073194165429347,\n",
       " 'M:c:H:c': 0.00018073194165429347,\n",
       " 'M:c:H:sn': 0.00018073194165429347,\n",
       " 'M:c:H:f': 0.00018073194165429347,\n",
       " 'M:c:W:r': 6.454712201939053e-06,\n",
       " 'M:c:W:s': 6.454712201939053e-06,\n",
       " 'M:c:W:c': 6.454712201939053e-06,\n",
       " 'M:c:W:sn': 6.454712201939053e-06,\n",
       " 'M:c:W:f': 6.454712201939053e-06,\n",
       " 'M:sn:M:r': 0.00477003231723296,\n",
       " 'M:sn:M:s': 0.00477003231723296,\n",
       " 'M:sn:M:c': 0.00477003231723296,\n",
       " 'M:sn:M:sn': 0.00477003231723296,\n",
       " 'M:sn:M:f': 0.00477003231723296,\n",
       " 'M:sn:F:r': 0.003253174949777282,\n",
       " 'M:sn:F:s': 0.003253174949777282,\n",
       " 'M:sn:F:c': 0.003253174949777282,\n",
       " 'M:sn:F:sn': 0.003253174949777282,\n",
       " 'M:sn:F:f': 0.003253174949777282,\n",
       " 'M:sn:R:r': 0.0026916149882085846,\n",
       " 'M:sn:R:s': 0.0026916149882085846,\n",
       " 'M:sn:R:c': 0.0026916149882085846,\n",
       " 'M:sn:R:sn': 0.0026916149882085846,\n",
       " 'M:sn:R:f': 0.0026916149882085846,\n",
       " 'M:sn:L:r': 0.0009359332692811625,\n",
       " 'M:sn:L:s': 0.0009359332692811625,\n",
       " 'M:sn:L:c': 0.0009359332692811625,\n",
       " 'M:sn:L:sn': 0.0009359332692811625,\n",
       " 'M:sn:L:f': 0.0009359332692811625,\n",
       " 'M:sn:N:r': 0.0005873788103764537,\n",
       " 'M:sn:N:s': 0.0005873788103764537,\n",
       " 'M:sn:N:c': 0.0005873788103764537,\n",
       " 'M:sn:N:sn': 0.0005873788103764537,\n",
       " 'M:sn:N:f': 0.0005873788103764537,\n",
       " 'M:sn:S:r': 0.0005486505371648194,\n",
       " 'M:sn:S:s': 0.0005486505371648194,\n",
       " 'M:sn:S:c': 0.0005486505371648194,\n",
       " 'M:sn:S:sn': 0.0005486505371648194,\n",
